図              正解   予測      総合     名前     データ    点F1     再現     適合  出典
fig_01.png     31   31   0.985  1.000   0.980  0.903  0.903  0.903  materials-09-00843-g006
fig_02.png     44   45   0.789  1.000   0.719  0.674  0.682  0.667  nanomaterials-07-00016-g003
fig_03.png     17   16   0.937  1.000   0.916  0.909  0.882  0.938  CMMM2012-940981.016
fig_04.png     26   26   0.909  0.833   0.934  1.000  1.000  1.000  materials-07-02301f10
fig_05.png     94   93   0.981  1.000   0.975  0.995  0.989  1.000  materials-07-00899f2
fig_06.png     28   28   0.927  0.833   0.958  0.857  0.857  0.857  07
fig_07.png     40   40   0.986  1.000   0.981  1.000  1.000  1.000  4_HTML
fig_08.png     19   20   0.509  1.000   0.346  0.872  0.895  0.850  1471-2156-7-48-4
fig_09.png     21   22   0.723  1.000   0.630  0.977  1.000  0.955  pgen.1003056.g005
fig_10.png     16   16   0.983  1.000   0.977  1.000  1.000  1.000  materials-09-00666-g008
fig_11.png    117  119   0.925  1.000   0.901  0.915  0.923  0.908  1
fig_12.png     36   36   0.829  1.000   0.773  1.000  1.000  1.000  materials-07-05746-g003
fig_13.png      8    8   0.841  0.928   0.812  1.000  1.000  1.000  materials-08-03428-g003
fig_14.png     38   38   0.988  1.000   0.984  1.000  1.000  1.000  1471-2458-7-334-5
fig_15.png     20   20   0.992  1.000   0.990  1.000  1.000  1.000  1471-2458-10-35-4
fig_16.png     60   60   0.838  0.958   0.798  1.000  1.000  1.000  materials-09-00258-g002
fig_17.png     14   14   0.858  1.000   0.810  0.929  0.929  0.929  materials-07-07615-g011
fig_18.png     11   11   0.372  1.000   0.163  1.000  1.000  1.000  pgen.1005626.g004
fig_19.png     26   27   0.940  1.000   0.920  0.943  0.962  0.926  materials-09-00294-g009
fig_20.png    117  121   0.936  1.000   0.915  0.924  0.940  0.909  CMMM2014-707581.004
fig_21.png      6    6   0.969  0.975   0.967  1.000  1.000  1.000  materials-08-02243-g001
fig_22.png     14   14   0.964  1.000   0.953  0.857  0.857  0.857  materials-09-00716-g007
fig_23.png     21   24   0.764  1.000   0.686  0.933  1.000  0.875  nanomaterials-05-01442-g004
fig_24.png     21   21   0.464  1.000   0.286  0.143  0.143  0.143  nanomaterials-06-00115-g006
fig_25.png     51   51   0.923  1.000   0.898  1.000  1.000  1.000  materials-10-01307-g006
fig_26.png     22   22   0.991  1.000   0.989  1.000  1.000  1.000  21
fig_27.png     22   22   0.856  1.000   0.808  1.000  1.000  1.000  materials-03-04550-g003
fig_28.png     34   34   0.942  1.000   0.922  1.000  1.000  1.000  materials-03-02684-g002
fig_29.png    124  124   0.378  1.000   0.170  1.000  1.000  1.000  ijerph-11-10951-g007
fig_30.png      8    8   0.982  1.000   0.976  1.000  1.000  1.000  1868-7083-4-22-6

軸レンジの出どころ: {'partial': 2, 'axis': 27, 'gt-spread': 1}

全30図      総合 0.8495  名前 0.9843  データ 0.8045  |  点F1 0.928  再現 0.932  適合 0.924

参考: ICPR 2020 の実図 scatter(Task 6b、上流タスクの正解を与えた条件)
      総合 DeepBlueAI 0.232 / IntSig-SCUT-Lenovo 0.710
      ※ 先行研究の数値は全チャート型の平均で name/data の分解は scatter 単独では未公開
