図              正解   予測      総合     名前     データ    点F1     再現     適合  出典
fig_01.png     24   23   0.944  1.000   0.926  0.979  0.958  1.000  materials-10-00076-g012
fig_02.png     29   29   0.648  1.000   0.531  1.000  1.000  1.000  6
fig_03.png     11   11   0.035  0.042   0.033  0.182  0.182  0.182  3_HTML
fig_04.png      4    4   0.250  1.000   0.000  1.000  1.000  1.000  nanomaterials-07-00075-g003
fig_05.png      4    4   0.771  0.128   0.985  1.000  1.000  1.000  materials-09-00743-g003
fig_06.png      8    8   0.622  1.000   0.496  1.000  1.000  1.000  6_HTML
fig_07.png     46   44   0.958  1.000   0.944  0.978  0.957  1.000  g002
fig_08.png      9    9   0.262  0.000   0.349  1.000  1.000  1.000  materials-10-01159-g003_pane
fig_09.png     31   35   0.721  1.000   0.628  0.909  0.968  0.857  03
fig_10.png    110  114   0.949  1.000   0.932  0.964  0.982  0.947  1471-2458-14-462-5
fig_11.png    157  143   0.819  1.000   0.759  0.953  0.911  1.000  CMMM2016-9515794.007
fig_12.png     38   38   0.854  1.000   0.805  1.000  1.000  1.000  materials-09-00780-g005
fig_13.png     20   20   0.250  1.000   0.000  1.000  1.000  1.000  ijerph-10-01268-g006
fig_14.png     10   10   0.012  0.021   0.010  0.100  0.100  0.100  1471-2458-10-174-1
fig_15.png     52   56   0.824  0.643   0.885  0.963  1.000  0.929  materials-06-02873-g001
fig_16.png     49   49   0.940  0.926   0.945  1.000  1.000  1.000  materials-09-00780-g006
fig_17.png     12   12   0.577  0.857   0.483  1.000  1.000  1.000  materials-03-00656-g008
fig_18.png      9   11   0.525  0.955   0.381  0.900  1.000  0.818  pgen.1002188.g007
fig_19.png      4    4   0.585  1.000   0.447  1.000  1.000  1.000  materials-10-00753-g008
fig_20.png     80   82   0.963  1.000   0.951  0.975  0.988  0.963  g003
fig_21.png     24   20   0.711  0.833   0.671  0.818  0.750  0.900  materials-10-00123-g007
fig_22.png     29   29   0.940  1.000   0.920  0.621  0.621  0.621  materials-03-02753-g015
fig_23.png      9    9   0.856  0.818   0.868  1.000  1.000  1.000  materials-08-05349-g009
fig_24.png     18   18   0.962  1.000   0.949  1.000  1.000  1.000  5
fig_25.png     17   17   0.248  0.993   0.000  1.000  1.000  1.000  1
fig_26.png     93   99   0.930  0.992   0.909  0.969  1.000  0.939  4
fig_27.png      8    8   0.250  1.000   0.000  1.000  1.000  1.000  1471-2156-15-S2-S7-2
fig_28.png     24   24   0.914  0.929   0.909  1.000  1.000  1.000  materials-05-02423-g007
fig_29.png     10   10   0.895  0.917   0.888  1.000  1.000  1.000  materials-10-00969-g021
fig_30.png     74   74   0.675  0.333   0.789  0.986  0.986  0.986  materials-08-04226-g003

軸レンジの出どころ: {'axis': 30}

全30図      総合 0.6630  名前 0.8129  データ 0.6131  |  点F1 0.910  再現 0.913  適合 0.908

参考: ICPR 2020 の実図 scatter(Task 6b、上流タスクの正解を与えた条件)
      総合 DeepBlueAI 0.232 / IntSig-SCUT-Lenovo 0.710
      ※ 先行研究の数値は全チャート型の平均で name/data の分解は scatter 単独では未公開
