図              正解   予測      総合     名前     データ    点F1     再現     適合  出典
fig_01.png      8    8   0.982  1.000   0.977  1.000  1.000  1.000  ijerph-08-03562f1
fig_02.png     97   99   0.973  1.000   0.963  0.990  1.000  0.980  pgen.1003080.g009
fig_03.png    110  105   0.930  1.000   0.907  0.949  0.927  0.971  fgene-03-00129-g006
fig_04.png     13   13   0.756  0.042   0.994  1.000  1.000  1.000  fpubh-04-00207-g003
fig_05.png     18   18   0.618  1.000   0.491  0.500  0.500  0.500  materials-08-05392-g003
fig_06.png     86   81   0.923  1.000   0.897  0.970  0.942  1.000  12889_2016_3412_Fig1_HTML
fig_07.png     14   14   0.972  1.000   0.963  1.000  1.000  1.000  materials-07-01590f8
fig_08.png      8    8   0.807  1.000   0.743  0.875  0.875  0.875  ijerph-12-14420-g002
fig_09.png     10   10   0.572  0.923   0.455  1.000  1.000  1.000  ijerph-12-08849-g001
fig_10.png     72   77   0.637  1.000   0.517  0.886  0.917  0.857  materials-06-04787-g005
fig_11.png     90  112   0.796  1.000   0.728  0.644  0.722  0.580  nanomaterials-07-00150-g008
fig_12.png     85   82   0.960  1.000   0.947  0.982  0.965  1.000  1_HTML
fig_13.png     32   21   0.496  1.000   0.327  0.792  0.656  1.000  CMMM2013-264809.010
fig_14.png     15   16   0.792  0.958   0.736  0.968  1.000  0.938  materials-08-03442-g008
fig_15.png     30   30   0.801  1.000   0.734  0.900  0.900  0.900  12889_2016_3595_Fig1_HTML
fig_16.png     72   73   0.945  1.000   0.926  0.979  0.986  0.973  materials-08-04829-g007
fig_17.png     11   11   0.996  1.000   0.994  1.000  1.000  1.000  nanomaterials-07-00392-g011
fig_18.png      9    8   0.250  1.000   0.000  0.000  0.000  0.000  materials-08-05301-g003
fig_19.png     59   59   0.415  1.000   0.220  0.864  0.864  0.864  1297-9686-46-24-7
fig_20.png    106   90   0.380  0.958   0.187  0.143  0.132  0.156  12
fig_21.png    143  123   0.866  1.000   0.821  0.902  0.839  0.976  g002
fig_22.png    103   85   0.619  1.000   0.492  0.213  0.194  0.235  materials-09-00357-g010
fig_23.png     22   22   0.923  0.811   0.960  1.000  1.000  1.000  materials-10-00249-g008
fig_24.png      6    6   0.250  1.000   0.000  1.000  1.000  1.000  ijerph-13-00520-g002
fig_25.png     19   19   0.939  1.000   0.919  1.000  1.000  1.000  4_HTML
fig_26.png     66   64   0.936  1.000   0.915  0.954  0.939  0.969  pgen.0020190.g004
fig_27.png      4    5   0.402  0.500   0.369  0.889  1.000  0.800  materials-10-00326-g003
fig_28.png     97   96   0.903  1.000   0.871  0.974  0.969  0.979  pgen.0020190.g005
fig_29.png     26   26   0.749  1.000   0.665  1.000  1.000  1.000  6
fig_30.png     29   30   0.905  1.000   0.873  0.983  1.000  0.967  materials-07-07349-g002

軸レンジの出どころ: {'axis': 29, 'partial': 1}

全30図      総合 0.7498  名前 0.9398  データ 0.6864  |  点F1 0.845  再現 0.844  適合 0.851

参考: ICPR 2020 の実図 scatter(Task 6b、上流タスクの正解を与えた条件)
      総合 DeepBlueAI 0.232 / IntSig-SCUT-Lenovo 0.710
      ※ 先行研究の数値は全チャート型の平均で name/data の分解は scatter 単独では未公開
