図              正解   予測      総合     名前     データ    点F1     再現     適合  出典
fig_01.png     45   45   0.748  1.000   0.663  1.000  1.000  1.000  CMMM2015-574238.004
fig_02.png     50   51   0.757  0.944   0.695  0.990  1.000  0.980  materials-10-01307-g007
fig_03.png    154  154   0.956  1.000   0.941  0.948  0.948  0.948  materials-08-04932-g008
fig_04.png     38   38   0.752  0.963   0.681  1.000  1.000  1.000  materials-08-05340-g011
fig_05.png     25   25   0.991  1.000   0.988  1.000  1.000  1.000  nanomaterials-07-00260-g009
fig_06.png     45   45   0.349  0.479   0.306  0.733  0.733  0.733  pgen.1002832.g002
fig_07.png     48   48   0.932  1.000   0.910  0.979  0.979  0.979  g007
fig_08.png      8    8   0.366  1.000   0.155  1.000  1.000  1.000  materials-09-00493-g005
fig_09.png     28   28   0.641  1.000   0.521  1.000  1.000  1.000  materials-07-05617-g008
fig_10.png     21   18   0.868  1.000   0.824  0.923  0.857  1.000  1471-2458-10-257-1
fig_11.png     53   53   0.585  0.985   0.452  1.000  1.000  1.000  materials-10-00961-g001
fig_12.png     16   16   0.963  1.000   0.951  1.000  1.000  1.000  pgen.1001042.g003
fig_13.png     12   11   0.510  1.000   0.347  0.435  0.417  0.455  1471-2458-9-S1-S5-2
fig_14.png     24   24   0.611  1.000   0.482  0.458  0.458  0.458  materials-10-00969-g018
fig_15.png     32   34   0.878  1.000   0.837  0.970  1.000  0.941  materials-07-07022-g007
fig_16.png     53   53   0.789  0.556   0.867  1.000  1.000  1.000  materials-08-02000-g016
fig_17.png     10   10   0.987  1.000   0.983  1.000  1.000  1.000  materials-10-00714-g008
fig_18.png     50   50   0.925  1.000   0.899  1.000  1.000  1.000  fgene-05-00359-g0002
fig_19.png      9    9   0.943  1.000   0.924  1.000  1.000  1.000  materials-10-00969-g023
fig_20.png     53   51   0.571  0.979   0.435  0.462  0.453  0.471  materials-06-02543-g002
fig_21.png     26  307   0.587  0.800   0.516  0.138  0.885  0.075  pgen.0010002.g003
fig_22.png    209  170   0.618  0.972   0.500  0.480  0.435  0.535  materials-06-01420-g003
fig_23.png     16   16   0.030  0.000   0.040  0.312  0.312  0.312  1297-9686-45-33-3
fig_24.png     14   15   0.493  0.500   0.491  0.966  1.000  0.933  pgen.1004102.g005
fig_25.png    154  101   0.841  1.000   0.789  0.769  0.636  0.970  materials-09-00699-g014
fig_26.png    153  153   0.257  0.849   0.060  0.699  0.699  0.699  materials-03-00755-g003
fig_27.png      6    6   0.208  0.833   0.000  0.833  0.833  0.833  12863_2017_548_Fig5_HTML
fig_28.png     80   80   0.748  0.795   0.733  1.000  1.000  1.000  nanomaterials-07-00396-g017
fig_29.png     11   11   0.236  0.944   0.000  1.000  1.000  1.000  12889_2014_7443_Fig3_HTML
fig_30.png     17   17   0.992  1.000   0.989  1.000  1.000  1.000  materials-09-00094-g009

軸レンジの出どころ: {'axis': 27, 'gt-spread': 2, 'partial': 1}

全30図      総合 0.6711  名前 0.8867  データ 0.5993  |  点F1 0.837  再現 0.855  適合 0.844

参考: ICPR 2020 の実図 scatter(Task 6b、上流タスクの正解を与えた条件)
      総合 DeepBlueAI 0.232 / IntSig-SCUT-Lenovo 0.710
      ※ 先行研究の数値は全チャート型の平均で name/data の分解は scatter 単独では未公開
