図              正解   予測      総合     名前     データ    点F1     再現     適合  出典
fig_01.png      6    6   0.924  1.000   0.898  1.000  1.000  1.000  nanomaterials-07-00316-g002
fig_02.png     20   20   0.250  1.000   0.000  1.000  1.000  1.000  ijerph-10-01268-g005
fig_03.png      9    9   0.016  0.028   0.012  0.111  0.111  0.111  ijerph-06-03105f1
fig_04.png    191  164   0.490  1.000   0.320  0.006  0.005  0.006  ijerph-11-04280-g001
fig_05.png     19   19   0.968  0.969   0.968  1.000  1.000  1.000  materials-10-01317-g006
fig_06.png     32   32   0.603  1.000   0.471  0.500  0.500  0.500  ijerph-12-04101-g002
fig_07.png      8    8   0.968  1.000   0.958  1.000  1.000  1.000  nanomaterials-07-00234-g001
fig_08.png     31   30   0.938  1.000   0.917  0.984  0.968  1.000  materials-06-04817-g010b
fig_09.png     19   19   0.984  1.000   0.978  1.000  1.000  1.000  materials-07-02631f15
fig_10.png     31   28   0.090  0.125   0.079  0.576  0.548  0.607  ddp37102
fig_11.png      8    8   0.738  1.000   0.651  1.000  1.000  1.000  materials-08-03428-g010
fig_12.png    118   96   0.414  1.000   0.219  0.234  0.212  0.260  3_HTML
fig_13.png      8    8   0.250  1.000   0.000  1.000  1.000  1.000  materials-07-08105-g007
fig_14.png    105   82   0.818  1.000   0.757  0.877  0.781  1.000  MOESM2_ESM
fig_15.png     17   16   0.588  1.000   0.451  0.970  0.941  1.000  1
fig_16.png    124  124   0.644  1.000   0.526  0.992  0.992  0.992  ijerph-11-10951-g008
fig_17.png     15   15   0.548  1.000   0.398  1.000  1.000  1.000  materials-10-01314-g010
fig_18.png     44   31   0.471  1.000   0.294  0.827  0.705  1.000  materials-10-00287-g005
fig_19.png    131  129   0.707  0.782   0.681  0.877  0.870  0.884  1471-2458-9-S1-S10-3
fig_20.png    101   97   0.948  1.000   0.930  0.939  0.921  0.959  2_HTML
fig_21.png     12   12   0.250  1.000   0.000  1.000  1.000  1.000  g006
fig_22.png    197  200   0.841  0.700   0.888  0.987  0.995  0.980  CMMM2016-9343017.004
fig_23.png     30   29   0.914  1.000   0.885  0.983  0.967  1.000  nanomaterials-03-00204-g008
fig_24.png     20   20   0.956  1.000   0.941  1.000  1.000  1.000  1471-2156-6-24-1
fig_25.png     50   50   0.819  1.000   0.759  1.000  1.000  1.000  materials-10-01307-g009
fig_26.png     36   35   0.969  1.000   0.958  0.986  0.972  1.000  2
fig_27.png     23   23   0.865  1.000   0.820  1.000  1.000  1.000  g005
fig_28.png     12   12   0.250  1.000   0.000  1.000  1.000  1.000  ijerph-13-00855-g004
fig_29.png      4    4   0.923  1.000   0.897  1.000  1.000  1.000  materials-09-00118-g001
fig_30.png     40   40   0.001  0.002   0.000  0.025  0.025  0.025  ijerph-11-07116-g005

軸レンジの出どころ: {'axis': 30}

全30図      総合 0.6382  名前 0.8869  データ 0.5553  |  点F1 0.829  再現 0.817  適合 0.844

参考: ICPR 2020 の実図 scatter(Task 6b、上流タスクの正解を与えた条件)
      総合 DeepBlueAI 0.232 / IntSig-SCUT-Lenovo 0.710
      ※ 先行研究の数値は全チャート型の平均で name/data の分解は scatter 単独では未公開
