図              正解   予測      総合     名前     データ    点F1     再現     適合  出典
fig_01.png     79   73   0.606  1.000   0.474  0.303  0.291  0.315  ijerph-13-00870-g003
fig_02.png     20   20   0.605  0.000   0.807  1.000  1.000  1.000  ijerph-14-01117-g005
fig_03.png     20   20   0.936  1.000   0.915  1.000  1.000  1.000  materials-08-05392-g002
fig_04.png     27   27   0.902  1.000   0.869  0.296  0.296  0.296  4_HTML
fig_05.png     15   15   0.592  0.972   0.466  0.933  0.933  0.933  materials-05-00302-g003
fig_06.png     14   14   0.986  1.000   0.982  1.000  1.000  1.000  CMMM2015-124325.005
fig_07.png     29   29   0.994  1.000   0.992  1.000  1.000  1.000  pgen.1002053.g001
fig_08.png      6    6   0.424  0.905   0.264  1.000  1.000  1.000  materials-06-03438-g004
fig_09.png     35   36   0.963  1.000   0.951  0.986  1.000  0.972  fgene-03-00152-g0005
fig_10.png     16   16   0.901  1.000   0.868  0.938  0.938  0.938  1471-2156-9-75-6
fig_11.png     35   35   0.996  1.000   0.995  1.000  1.000  1.000  1471-2458-11-60-2
fig_12.png     20   20   0.900  1.000   0.866  1.000  1.000  1.000  materials-10-00849-g013
fig_13.png     60   58   0.927  0.969   0.913  0.966  0.950  0.983  ijerph-11-09835-g004
fig_14.png    115  106   0.921  1.000   0.895  0.923  0.887  0.962  g004
fig_15.png      6   12   0.010  0.000   0.014  0.111  0.167  0.083  1415-4757-gmb-39-1-111-gf01
fig_16.png     19   18   0.756  0.867   0.719  0.973  0.947  1.000  1471-2156-14-8-5
fig_17.png    118  118   0.978  1.000   0.970  1.000  1.000  1.000  nanomaterials-07-00368-g007
fig_18.png    154  154   0.959  0.967   0.956  1.000  1.000  1.000  12863_2014_104_Fig4_HTML
fig_19.png     72   57   0.778  1.000   0.704  0.837  0.750  0.947  CMMM2012-390694.008
fig_20.png     26   26   0.719  0.967   0.636  0.962  0.962  0.962  1471-2156-7-6-7
fig_21.png     29   28   0.962  1.000   0.950  0.982  0.966  1.000  pgen.1006044.g002
fig_22.png     12   12   0.250  1.000   0.000  1.000  1.000  1.000  materials-09-00529-g008
fig_23.png      3    3   0.926  1.000   0.901  1.000  1.000  1.000  materials-07-07548-g001
fig_24.png     15   15   0.560  1.000   0.413  1.000  1.000  1.000  materials-10-00907-g008
fig_25.png     10   10   0.250  1.000   0.000  1.000  1.000  1.000  IJPH-46-389-g002
fig_26.png     14   14   0.175  0.500   0.066  1.000  1.000  1.000  pgen.1002397.g003
fig_27.png    124  131   0.914  1.000   0.885  0.792  0.815  0.771  fgene-03-00260-g0003
fig_28.png     13   13   0.905  0.981   0.880  1.000  1.000  1.000  nanomaterials-06-00217-g005
fig_29.png     82   84   0.922  0.981   0.902  0.843  0.854  0.833  pgen.0020190.g006
fig_30.png      8    8   0.976  1.000   0.968  1.000  1.000  1.000  g001

軸レンジの出どころ: {'axis': 29, 'partial': 1}

全30図      総合 0.7564  名前 0.9036  データ 0.7074  |  点F1 0.895  再現 0.892  適合 0.900

参考: ICPR 2020 の実図 scatter(Task 6b、上流タスクの正解を与えた条件)
      総合 DeepBlueAI 0.232 / IntSig-SCUT-Lenovo 0.710
      ※ 先行研究の数値は全チャート型の平均で name/data の分解は scatter 単独では未公開
