図              正解   予測      総合     名前     データ    点F1     再現     適合  出典
fig_01.png      8    8   0.993  1.000   0.991  1.000  1.000  1.000  materials-09-00666-g007
fig_02.png      5    5   0.004  0.017   0.000  0.000  0.000  0.000  materials-09-00363-g001
fig_03.png     10   10   0.012  0.017   0.010  0.100  0.100  0.100  g004
fig_04.png     20   20   0.473  0.667   0.408  1.000  1.000  1.000  3
fig_05.png     16   16   0.641  0.986   0.526  0.938  0.938  0.938  1471-2458-10-783-3
fig_06.png     16   16   0.756  0.982   0.680  1.000  1.000  1.000  materials-10-00895-g008
fig_07.png      7    7   0.250  1.000   0.000  1.000  1.000  1.000  1471-2156-6-4-3_panel_1
fig_08.png     16   16   0.619  1.000   0.492  0.500  0.500  0.500  materials-06-04574-g006
fig_09.png     61   61   0.990  0.987   0.991  1.000  1.000  1.000  g007
fig_10.png     41   41   0.783  0.857   0.758  1.000  1.000  1.000  materials-03-00318-g004
fig_11.png     11   11   0.007  0.004   0.008  0.091  0.091  0.091  12889_2016_3303_Fig2_HTML
fig_12.png     20   20   0.828  1.000   0.770  1.000  1.000  1.000  materials-09-00761-g001a
fig_13.png     30   30   0.977  1.000   0.969  1.000  1.000  1.000  g003
fig_14.png     56   56   0.986  1.000   0.981  1.000  1.000  1.000  12881_2017_447_Fig3_HTML
fig_15.png     12   12   0.992  1.000   0.989  1.000  1.000  1.000  1471-2156-10-39-1
fig_16.png     19   19   0.888  1.000   0.851  1.000  1.000  1.000  g007
fig_17.png    120  120   0.967  1.000   0.956  0.992  0.992  0.992  materials-10-00713-g004
fig_18.png     12   12   0.993  1.000   0.991  1.000  1.000  1.000  materials-04-00037-g009
fig_19.png      5    5   0.984  1.000   0.979  1.000  1.000  1.000  materials-08-05284-g006
fig_20.png     95   77   0.847  1.000   0.796  0.895  0.811  1.000  ddr32802
fig_21.png     48   50   0.952  1.000   0.936  0.980  1.000  0.960  je-19-206-g008
fig_22.png      7    7   0.983  1.000   0.977  1.000  1.000  1.000  nanomaterials-05-01442-g005
fig_23.png     16   16   0.992  1.000   0.989  1.000  1.000  1.000  ijerph-09-04486-g001
fig_24.png     30   30   0.969  0.963   0.971  1.000  1.000  1.000  materials-08-04710-g005
fig_25.png     21   21   0.850  1.000   0.800  1.000  1.000  1.000  ijerph-14-00111-g008
fig_26.png     13   13   0.250  1.000   0.000  1.000  1.000  1.000  1471-2458-10-502-3
fig_27.png     25   25   0.591  0.972   0.464  1.000  1.000  1.000  materials-03-02260-g027
fig_28.png    146  130   0.893  1.000   0.857  0.928  0.877  0.985  1471-2458-7-93-2
fig_29.png     45   45   0.988  1.000   0.984  1.000  1.000  1.000  CMMM2016-2962047.011
fig_30.png     18   18   0.982  1.000   0.976  1.000  1.000  1.000  g002

軸レンジの出どころ: {'axis': 28, 'partial': 2}

全30図      総合 0.7480  名前 0.8817  データ 0.7034  |  点F1 0.881  再現 0.877  適合 0.885

参考: ICPR 2020 の実図 scatter(Task 6b、上流タスクの正解を与えた条件)
      総合 DeepBlueAI 0.232 / IntSig-SCUT-Lenovo 0.710
      ※ 先行研究の数値は全チャート型の平均で name/data の分解は scatter 単独では未公開
