図              正解   予測      総合     名前     データ    点F1     再現     適合  出典
fig_01.png      4    4   0.250  1.000   0.000  1.000  1.000  1.000  g005
fig_02.png     11   11   0.587  1.000   0.449  1.000  1.000  1.000  fpubh-03-00075-g004
fig_03.png     20   20   0.858  0.600   0.944  1.000  1.000  1.000  materials-09-00016-g008b
fig_04.png     16   16   0.960  0.958   0.960  1.000  1.000  1.000  pgen.1005536.g003
fig_05.png    278  240   0.866  1.000   0.821  0.923  0.860  0.996  materials-10-00931-g005
fig_06.png      6    6   0.990  1.000   0.987  1.000  1.000  1.000  ijerph-10-05507-g002
fig_07.png     40   37   0.933  1.000   0.911  0.961  0.925  1.000  ijerph-08-01560f3
fig_08.png     40   40   0.975  1.000   0.966  0.975  0.975  0.975  13148_2016_230_Fig2_HTML
fig_09.png     61   58   0.928  0.958   0.918  0.924  0.902  0.948  materials-07-01850f3
fig_10.png      6    6   0.825  0.986   0.771  1.000  1.000  1.000  materials-08-01897-g008
fig_11.png     18   18   0.212  0.785   0.021  1.000  1.000  1.000  materials-10-00735-g012
fig_12.png    104  104   0.996  1.000   0.995  1.000  1.000  1.000  4_HTML
fig_13.png     10   10   0.246  0.986   0.000  1.000  1.000  1.000  materials-08-03316-g003
fig_14.png     60   60   0.724  0.972   0.641  0.967  0.967  0.967  1471-2350-10-29-2
fig_15.png     14   14   0.817  1.000   0.756  1.000  1.000  1.000  fpubh-03-00139-g005
fig_16.png     87  115   0.263  0.479   0.191  0.416  0.483  0.365  ddq51804
fig_17.png     13   13   0.994  1.000   0.992  1.000  1.000  1.000  1471-2156-8-32-6
fig_18.png     33   33   0.806  1.000   0.741  1.000  1.000  1.000  materials-09-00984-g010
fig_19.png     79   78   0.887  1.000   0.849  0.892  0.886  0.897  1471-2458-12-625-3
fig_20.png     37   37   0.967  0.909   0.986  1.000  1.000  1.000  materials-10-01105-g015
fig_21.png     43   44   0.722  0.989   0.633  0.989  1.000  0.977  materials-07-01084f8
fig_22.png     14   14   0.250  1.000   0.000  0.857  0.857  0.857  materials-09-00168-g006
fig_23.png    109  110   0.964  1.000   0.952  0.995  1.000  0.991  ijerph-09-01018-g001_panel_1
fig_24.png     15   15   0.210  0.838   0.000  1.000  1.000  1.000  ijerph-08-02951f6a
fig_25.png     16   16   0.929  1.000   0.906  1.000  1.000  1.000  materials-10-00186-g008
fig_26.png      7    0   0.000  0.000   0.000  0.000  0.000  0.000  CMMM2015-127010.006
fig_27.png     76   76   0.245  0.271   0.236  0.947  0.947  0.947  g006
fig_28.png    173  155   0.912  1.000   0.883  0.945  0.896  1.000  2_HTML
fig_29.png     83   79   0.828  0.694   0.873  0.914  0.892  0.937  ijerph-09-02562-g007
fig_30.png     41   41   0.577  1.000   0.436  1.000  1.000  1.000  materials-03-00318-g003

軸レンジの出どころ: {'axis': 28, 'partial': 2}

全30図      総合 0.6907  名前 0.8809  データ 0.6272  |  点F1 0.923  再現 0.920  適合 0.929
回答した29図のみ  総合 0.7145  名前 0.9113  データ 0.6489  |  点F1 0.955  再現 0.951  適合 0.961

参考: ICPR 2020 の実図 scatter(Task 6b、上流タスクの正解を与えた条件)
      総合 DeepBlueAI 0.232 / IntSig-SCUT-Lenovo 0.710
      ※ 先行研究の数値は全チャート型の平均で name/data の分解は scatter 単独では未公開
