図              正解   予測      総合     名前     データ    点F1     再現     適合  出典
fig_01.png     53   48   0.912  1.000   0.883  0.950  0.906  1.000  1471-2458-7-83-2
fig_02.png     21   21   0.078  0.111   0.067  0.619  0.619  0.619  ijerph-13-00431-g001
fig_03.png     24   24   0.852  0.800   0.870  1.000  1.000  1.000  materials-05-02423-g005
fig_04.png      9    9   0.250  1.000   0.000  1.000  1.000  1.000  1471-2156-8-37-2
fig_05.png     68   68   0.610  1.000   0.480  1.000  1.000  1.000  ijerph-12-15047-g002
fig_06.png     10   10   0.029  0.008   0.036  0.300  0.300  0.300  1471-2156-7-17-2
fig_07.png    119  119   0.805  1.000   0.740  1.000  1.000  1.000  nanomaterials-07-00396-g018
fig_08.png     15   15   0.528  1.000   0.371  1.000  1.000  1.000  g002
fig_09.png     16   16   0.986  1.000   0.982  1.000  1.000  1.000  materials-09-00214-g007
fig_10.png     80   84   0.787  1.000   0.716  0.744  0.762  0.726  materials-07-05903-g009
fig_11.png     10   10   0.868  1.000   0.824  1.000  1.000  1.000  ijerph-07-00333f4
fig_12.png     18   18   0.782  1.000   0.709  0.667  0.667  0.667  materials-08-05349-g010
fig_13.png     27   30   0.893  1.000   0.858  0.947  1.000  0.900  materials-09-00118-g008
fig_14.png     97   97   0.794  1.000   0.725  0.938  0.938  0.938  fpubh-03-00015-g002
fig_15.png     96   97   0.946  1.000   0.928  0.860  0.865  0.856  ijerph-13-00309-g002
fig_16.png      6    6   0.800  1.000   0.734  1.000  1.000  1.000  12863_2015_307_MOESM4_ESM
fig_17.png     64   65   0.403  1.000   0.204  0.899  0.906  0.892  materials-05-01593-g002
fig_18.png     43   44   0.323  1.000   0.097  0.092  0.093  0.091  ijerph-08-04272f7
fig_19.png      7    7   0.234  0.935   0.000  1.000  1.000  1.000  4_HTML
fig_20.png      7  822   0.352  0.733   0.225  0.017  1.000  0.009  pgen.0010002.g006
fig_21.png     22   22   0.977  1.000   0.969  1.000  1.000  1.000  ijerph-14-00203-g003
fig_22.png     44   44   0.969  0.919   0.986  1.000  1.000  1.000  pgen.0020067.g004
fig_23.png     21   21   0.987  1.000   0.983  1.000  1.000  1.000  fpubh-05-00310-g003
fig_24.png     10   10   0.570  1.000   0.426  1.000  1.000  1.000  ijerph-08-02640f9
fig_25.png     57   57   0.985  1.000   0.980  1.000  1.000  1.000  12889_2016_3257_Fig2_HTML
fig_26.png      8    8   0.502  1.000   0.336  1.000  1.000  1.000  materials-10-00815-g008
fig_27.png     18   18   0.822  1.000   0.763  1.000  1.000  1.000  nanomaterials-07-00193-g010
fig_28.png     32   32   0.971  1.000   0.962  1.000  1.000  1.000  ijerph-14-00085-g005
fig_29.png     26   27   0.809  1.000   0.746  0.981  1.000  0.963  materials-07-03867f2
fig_30.png     34   34   0.952  1.000   0.936  1.000  1.000  1.000  g001

軸レンジの出どころ: {'axis': 30}

全30図      総合 0.6926  名前 0.9169  データ 0.6178  |  点F1 0.867  再現 0.902  適合 0.865

参考: ICPR 2020 の実図 scatter(Task 6b、上流タスクの正解を与えた条件)
      総合 DeepBlueAI 0.232 / IntSig-SCUT-Lenovo 0.710
      ※ 先行研究の数値は全チャート型の平均で name/data の分解は scatter 単独では未公開
