図              正解   予測      総合     名前     データ    点F1     再現     適合  出典
fig_01.png    232  205   0.775  0.833   0.756  0.874  0.823  0.932  materials-10-00474-g005
fig_02.png     15   15   0.986  0.980   0.988  1.000  1.000  1.000  ijerph-12-13523-g006a
fig_03.png     24   24   0.966  1.000   0.955  1.000  1.000  1.000  F3
fig_04.png    205  217   0.618  1.000   0.491  0.621  0.639  0.604  1471-2458-9-S1-S10-4
fig_05.png      9    9   0.935  1.000   0.914  1.000  1.000  1.000  materials-08-05349-g005
fig_06.png     32   32   0.680  1.000   0.573  0.906  0.906  0.906  materials-09-00334-g009
fig_07.png      8    8   0.506  1.000   0.342  1.000  1.000  1.000  materials-10-00075-g012
fig_08.png     24   24   0.842  0.714   0.884  1.000  1.000  1.000  materials-05-02423-g004b
fig_09.png     30   30   0.965  1.000   0.953  0.733  0.733  0.733  3
fig_10.png     22   56   0.433  1.000   0.244  0.564  1.000  0.393  1297-9686-41-51-2
fig_11.png      9    9   0.644  1.000   0.526  1.000  1.000  1.000  materials-10-01033-g010
fig_12.png      9    9   0.250  1.000   0.000  0.000  0.000  0.000  g008
fig_13.png     72   72   0.986  1.000   0.981  1.000  1.000  1.000  a
fig_14.png      6    6   0.250  1.000   0.000  1.000  1.000  1.000  ijerph-14-00845-g001
fig_15.png      4    4   0.728  1.000   0.637  1.000  1.000  1.000  materials-09-00743-g001
fig_16.png     16   16   0.054  0.000   0.072  0.312  0.312  0.312  1297-9686-45-33-4
fig_17.png     14   14   0.914  1.000   0.886  1.000  1.000  1.000  materials-08-05463-g011
fig_18.png     27   24   0.250  1.000   0.000  0.000  0.000  0.000  1471-2458-8-338-4
fig_19.png      8    8   0.481  0.000   0.641  1.000  1.000  1.000  fgene-06-00015-g0006
fig_20.png     20   20   0.386  0.923   0.207  1.000  1.000  1.000  materials-10-01299-g007
fig_21.png     54   54   0.613  0.917   0.511  0.407  0.407  0.407  materials-08-05367-g005
fig_22.png     60   60   0.986  1.000   0.982  1.000  1.000  1.000  2
fig_23.png     39   42   0.726  0.929   0.658  0.963  1.000  0.929  materials-04-00037-g007
fig_24.png     65   68   0.844  0.667   0.903  0.932  0.954  0.912  materials-10-00061-g006
fig_25.png     58   54   0.250  1.000   0.000  0.000  0.000  0.000  12889_2017_4699_Fig3_HTML
fig_26.png     11   11   0.805  1.000   0.739  0.727  0.727  0.727  nanomaterials-05-00468-g017
fig_27.png     22   22   0.984  1.000   0.979  1.000  1.000  1.000  CMMM2015-652030.004_panel_4
fig_28.png      8    7   0.295  1.000   0.060  0.933  0.875  1.000  materials-10-00899-g008
fig_29.png     11   11   0.315  1.000   0.086  0.000  0.000  0.000  materials-05-00966-g003
fig_30.png     22   22   0.971  0.972   0.971  1.000  1.000  1.000  materials-05-01125-g004

軸レンジの出どころ: {'axis': 23, 'partial': 6, 'gt-spread': 1}

全30図      総合 0.6480  名前 0.8978  データ 0.5647  |  点F1 0.766  再現 0.779  適合 0.762

参考: ICPR 2020 の実図 scatter(Task 6b、上流タスクの正解を与えた条件)
      総合 DeepBlueAI 0.232 / IntSig-SCUT-Lenovo 0.710
      ※ 先行研究の数値は全チャート型の平均で name/data の分解は scatter 単独では未公開
