図              正解   予測      総合     名前     データ    点F1     再現     適合  出典
fig_01.png     30   28   0.937  1.000   0.916  0.966  0.933  1.000  5_HTML
fig_02.png      6    6   0.357  0.955   0.157  0.500  0.500  0.500  materials-02-01662-g009
fig_03.png     10   10   0.992  1.000   0.990  1.000  1.000  1.000  CMMM2012-135256.005
fig_04.png     14   14   0.674  1.000   0.565  1.000  1.000  1.000  materials-09-00271-g001
fig_05.png     56   58   0.302  0.500   0.236  0.491  0.500  0.483  1
fig_06.png     51   51   0.941  1.000   0.921  0.980  0.980  0.980  materials-09-00144-g015
fig_07.png     52   52   0.964  1.000   0.952  0.981  0.981  0.981  12889_2017_4699_Fig2_HTML
fig_08.png    182  162   0.794  0.958   0.740  0.628  0.593  0.667  pgen.1000492.g001
fig_09.png     40   39   0.623  0.990   0.500  0.987  0.975  1.000  7
fig_10.png     47   45   0.533  1.000   0.378  0.978  0.957  1.000  12711_2013_2628_Fig2_HTML
fig_11.png     71   69   0.882  1.000   0.843  0.914  0.901  0.928  ijerph-11-12739-g015
fig_12.png     10   10   0.967  1.000   0.956  1.000  1.000  1.000  materials-10-00969-g022
fig_13.png      9    9   0.678  1.000   0.570  1.000  1.000  1.000  materials-08-05301-g005
fig_14.png     89   99   0.790  1.000   0.720  0.947  1.000  0.899  materials-04-01619-g004
fig_15.png     16   16   0.566  0.979   0.428  0.938  0.938  0.938  12863_2015_188_Fig2_HTML
fig_16.png     26   25   0.866  1.000   0.821  0.980  0.962  1.000  02
fig_17.png     38   37   0.963  1.000   0.951  0.987  0.974  1.000  1471-2458-12-544-8
fig_18.png      5    5   0.984  1.000   0.979  1.000  1.000  1.000  fpubh-05-00310-g004
fig_19.png     25   25   0.986  1.000   0.982  1.000  1.000  1.000  materials-05-02937-g005
fig_20.png     32   32   0.981  1.000   0.975  1.000  1.000  1.000  1471-2458-12-543-1
fig_21.png     38   38   0.984  1.000   0.979  1.000  1.000  1.000  1471-2156-8-8-5
fig_22.png      7    7   0.250  1.000   0.000  1.000  1.000  1.000  1471-2156-15-40-2
fig_23.png    115  116   0.900  1.000   0.866  0.952  0.957  0.948  1471-2156-8-8-6_panel_1
fig_24.png     44   43   0.617  1.000   0.489  0.989  0.977  1.000  materials-10-00931-g006
fig_25.png     20   21   0.943  1.000   0.924  0.976  1.000  0.952  materials-06-04817-g011
fig_26.png      4    4   0.000  0.000   0.000  0.250  0.250  0.250  materials-09-00058-g006
fig_27.png     42   42   0.981  1.000   0.974  1.000  1.000  1.000  fgene-05-00358-g0005
fig_28.png     46   45   0.914  0.969   0.895  0.703  0.696  0.711  g004
fig_29.png    330  280   0.844  1.000   0.792  0.911  0.842  0.993  1471-2156-12-67-2
fig_30.png     14   14   0.955  1.000   0.940  1.000  1.000  1.000  g002

軸レンジの出どころ: {'axis': 30}

全30図      総合 0.7723  名前 0.9450  データ 0.7147  |  点F1 0.902  再現 0.897  適合 0.908

参考: ICPR 2020 の実図 scatter(Task 6b、上流タスクの正解を与えた条件)
      総合 DeepBlueAI 0.232 / IntSig-SCUT-Lenovo 0.710
      ※ 先行研究の数値は全チャート型の平均で name/data の分解は scatter 単独では未公開
