図              正解   予測      総合     名前     データ    点F1     再現     適合  出典
fig_01.png     52   52   0.973  1.000   0.964  1.000  1.000  1.000  materials-05-01125-g001
fig_02.png     19   20   0.947  1.000   0.929  0.974  1.000  0.950  materials-06-00244-g007
fig_03.png     23   23   0.982  1.000   0.976  1.000  1.000  1.000  materials-09-00761-g002b
fig_04.png     10   10   0.649  1.000   0.532  1.000  1.000  1.000  materials-09-00106-g003
fig_05.png     24   30   0.726  0.667   0.746  0.889  1.000  0.800  CMMM2013-814025.008
fig_06.png     30   30   0.994  1.000   0.991  1.000  1.000  1.000  materials-06-01789-g012
fig_07.png     30   30   0.602  0.812   0.532  0.500  0.500  0.500  CMMM2015-574238.007
fig_08.png     51   51   0.961  1.000   0.949  1.000  1.000  1.000  13
fig_09.png     25   25   0.961  1.000   0.948  0.880  0.880  0.880  materials-09-00388-g010
fig_10.png     28   28   0.602  0.986   0.474  0.500  0.500  0.500  materials-10-00969-g016
fig_11.png     12   12   0.983  1.000   0.977  1.000  1.000  1.000  materials-08-01897-g010
fig_12.png     12   12   0.613  1.000   0.483  1.000  1.000  1.000  materials-08-01897-g014
fig_13.png     42   40   0.952  1.000   0.936  0.976  0.952  1.000  materials-08-04829-g002
fig_14.png     16   16   0.946  1.000   0.928  1.000  1.000  1.000  CMMM2015-178247.002
fig_15.png     17   17   0.426  0.969   0.245  1.000  1.000  1.000  materials-03-00536-g005
fig_16.png      4    4   0.233  0.931   0.000  1.000  1.000  1.000  materials-08-03428-g005
fig_17.png     31   31   0.971  1.000   0.962  1.000  1.000  1.000  1471-2458-7-286-2_panel_1
fig_18.png     49   49   0.652  1.000   0.536  1.000  1.000  1.000  7_HTML
fig_19.png    394  377   0.789  1.000   0.719  0.913  0.893  0.934  materials-10-00046-g007
fig_20.png     42   42   0.952  1.000   0.936  1.000  1.000  1.000  fgene-06-00004-g0004_panel_1
fig_21.png     20   20   0.611  0.062   0.794  1.000  1.000  1.000  materials-02-01341-g020
fig_22.png     34   33   0.885  0.972   0.855  0.985  0.971  1.000  materials-08-00231-g009
fig_23.png     20   19   0.911  0.958   0.896  0.974  0.950  1.000  nanomaterials-06-00031-g007
fig_24.png     51   47   0.930  1.000   0.907  0.959  0.922  1.000  1471-2458-7-83-3
fig_25.png     11   11   0.162  0.648   0.000  0.727  0.727  0.727  06
fig_26.png     12   12   0.935  1.000   0.913  1.000  1.000  1.000  materials-07-00375f8
fig_27.png     16   16   0.973  1.000   0.963  1.000  1.000  1.000  5_HTML
fig_28.png     11   11   0.991  1.000   0.989  1.000  1.000  1.000  CMMM2014-812785.001
fig_29.png     14   14   0.995  1.000   0.994  1.000  1.000  1.000  fgene-03-00285-g003
fig_30.png      9    9   0.984  1.000   0.979  1.000  1.000  1.000  ijerph-11-08825-g005

軸レンジの出どころ: {'axis': 28, 'partial': 2}

全30図      総合 0.8097  名前 0.9335  データ 0.7684  |  点F1 0.943  再現 0.943  適合 0.943

参考: ICPR 2020 の実図 scatter(Task 6b、上流タスクの正解を与えた条件)
      総合 DeepBlueAI 0.232 / IntSig-SCUT-Lenovo 0.710
      ※ 先行研究の数値は全チャート型の平均で name/data の分解は scatter 単独では未公開
