図              正解   予測      総合     名前     データ    点F1     再現     適合  出典
fig_01.png     89   89   0.953  1.000   0.937  0.989  0.989  0.989  3
fig_02.png      7    7   0.952  1.000   0.937  1.000  1.000  1.000  materials-06-05275-g006
fig_03.png     88   87   0.966  1.000   0.954  0.983  0.977  0.989  4_HTML
fig_04.png     10   10   0.250  1.000   0.000  1.000  1.000  1.000  materials-08-03316-g008
fig_05.png    170  162   0.807  1.000   0.743  0.964  0.941  0.988  g001
fig_06.png    114  114   0.882  1.000   0.843  1.000  1.000  1.000  ijerph-08-03179f3
fig_07.png     93   93   0.813  1.000   0.751  0.677  0.677  0.677  05
fig_08.png     15   15   0.988  1.000   0.984  1.000  1.000  1.000  CMMM2014-106236.007
fig_09.png     18   18   0.799  1.000   0.732  1.000  1.000  1.000  materials-09-00941-g015
fig_10.png     22   21   0.433  0.984   0.249  0.000  0.000  0.000  ijerph-10-06273-g005
fig_11.png     23   24   0.906  1.000   0.875  0.979  1.000  0.958  ijerph-07-04100f6
fig_12.png    240  240   0.544  0.778   0.466  0.475  0.475  0.475  materials-09-00594-g004
fig_13.png     35   36   0.767  0.979   0.696  0.986  1.000  0.972  g003
fig_14.png     10   10   0.033  0.008   0.041  0.200  0.200  0.200  materials-08-04720-g007
fig_15.png    306  306   0.892  1.000   0.857  1.000  1.000  1.000  materials-10-00416-g009
fig_16.png     11   11   0.007  0.004   0.008  0.091  0.091  0.091  IJPH-46-389-g001
fig_17.png    155   78   0.541  1.000   0.389  0.438  0.329  0.654  12889_2015_1447_Fig3_HTML
fig_18.png     27   27   0.990  1.000   0.987  1.000  1.000  1.000  materials-09-00761-g001b
fig_19.png     22   22   0.742  0.333   0.878  1.000  1.000  1.000  materials-09-01004-g010
fig_20.png     16   16   0.874  1.000   0.832  1.000  1.000  1.000  1471-2156-8-54-4
fig_21.png     82   82   0.869  0.950   0.842  0.890  0.890  0.890  materials-09-00104-g003
fig_22.png     40   40   0.929  1.000   0.905  1.000  1.000  1.000  1297-9686-45-44-4
fig_23.png     26   26   0.964  1.000   0.951  1.000  1.000  1.000  materials-09-00761-g002a
fig_24.png     46   45   0.965  1.000   0.954  0.989  0.978  1.000  je-25-008-g003
fig_25.png     32   32   0.936  1.000   0.915  0.969  0.969  0.969  materials-09-00334-g008
fig_26.png     13   15   0.534  1.000   0.378  0.929  1.000  0.867  materials-08-03442-g007
fig_27.png     12   12   0.913  1.000   0.884  1.000  1.000  1.000  materials-08-04226-g006
fig_28.png     17   17   0.973  1.000   0.964  1.000  1.000  1.000  materials-08-03155-g005
fig_29.png     26   26   0.822  1.000   0.762  1.000  1.000  1.000  pgen.1000037.g003
fig_30.png     42   42   0.761  0.929   0.705  1.000  1.000  1.000  materials-07-06291-g009

軸レンジの出どころ: {'axis': 29, 'partial': 1}

全30図      総合 0.7602  名前 0.8989  データ 0.7140  |  点F1 0.852  再現 0.851  適合 0.857

参考: ICPR 2020 の実図 scatter(Task 6b、上流タスクの正解を与えた条件)
      総合 DeepBlueAI 0.232 / IntSig-SCUT-Lenovo 0.710
      ※ 先行研究の数値は全チャート型の平均で name/data の分解は scatter 単独では未公開
