図              正解   予測      総合     名前     データ    点F1     再現     適合  出典
fig_01.png     37   37   0.918  0.875   0.933  0.946  0.946  0.946  materials-08-05367-g011
fig_02.png      4    4   0.216  0.863   0.000  1.000  1.000  1.000  materials-08-02243-g004
fig_03.png     39   39   0.994  1.000   0.991  1.000  1.000  1.000  CMMM2015-652030.002
fig_04.png     91   91   0.877  1.000   0.836  0.978  0.978  0.978  g005
fig_05.png     52   52   0.705  1.000   0.606  1.000  1.000  1.000  nanomaterials-04-00700-g007
fig_06.png     38   45   0.794  1.000   0.725  0.795  0.868  0.733  pgen.1003741.g004
fig_07.png     18   17   0.921  1.000   0.895  0.971  0.944  1.000  materials-07-01709f11
fig_08.png    117  116   0.908  1.000   0.878  0.961  0.957  0.966  pgen.0020190.g008
fig_09.png    117  102   0.876  0.972   0.844  0.895  0.838  0.961  5
fig_10.png      8    8   0.903  1.000   0.871  1.000  1.000  1.000  materials-09-00890-g006
fig_11.png    180  180   0.257  1.000   0.009  0.000  0.000  0.000  materials-09-00842-g010
fig_12.png      8    8   0.046  0.010   0.058  0.250  0.250  0.250  g002
fig_13.png     38   60   0.651  1.000   0.535  0.776  1.000  0.633  pgen.1000519.g008
fig_14.png     14   15   0.650  1.000   0.534  0.966  1.000  0.933  materials-07-05438-g008
fig_15.png     76   74   0.948  1.000   0.931  0.973  0.961  0.986  12889_2015_2147_Fig1_HTML
fig_16.png     12   12   0.547  0.975   0.405  0.917  0.917  0.917  materials-10-01159-g003_pane
fig_17.png     78   88   0.748  1.000   0.664  0.687  0.731  0.648  materials-03-02567-g001
fig_18.png     16   18   0.148  0.212   0.127  0.941  1.000  0.889  ijerph-14-01408-g013
fig_19.png    118  128   0.818  0.933   0.779  0.959  1.000  0.922  materials-05-01593-g003
fig_20.png     35   36   0.943  1.000   0.924  0.986  1.000  0.972  materials-07-05746-g004
fig_21.png     42   43   0.740  0.925   0.678  0.988  1.000  0.977  materials-08-05340-g010
fig_22.png    108  153   0.641  1.000   0.521  0.820  0.991  0.699  CMMM2013-715325.004
fig_23.png     51   51   0.855  1.000   0.807  1.000  1.000  1.000  materials-03-05212-g001
fig_24.png     15   15   0.761  1.000   0.681  0.800  0.800  0.800  materials-10-00075-g002
fig_25.png    212  190   0.907  1.000   0.876  0.945  0.896  1.000  CMMM2017-7907163.003
fig_26.png     24   24   0.874  1.000   0.833  1.000  1.000  1.000  materials-05-02423-g008
fig_27.png    120  120   0.285  1.000   0.047  0.000  0.000  0.000  materials-09-00594-g005
fig_28.png     55   59   0.929  1.000   0.905  0.965  1.000  0.932  materials-04-00037-g006
fig_29.png     48   48   0.250  1.000   0.000  0.979  0.979  0.979  ijerph-10-04628-g001
fig_30.png     20   19   0.572  0.959   0.443  0.923  0.900  0.947  1471-2156-14-8-2

軸レンジの出どころ: {'gt-spread': 1, 'axis': 27, 'partial': 2}

全30図      総合 0.6894  名前 0.9241  データ 0.6111  |  点F1 0.847  再現 0.865  適合 0.836

参考: ICPR 2020 の実図 scatter(Task 6b、上流タスクの正解を与えた条件)
      総合 DeepBlueAI 0.232 / IntSig-SCUT-Lenovo 0.710
      ※ 先行研究の数値は全チャート型の平均で name/data の分解は scatter 単独では未公開
