図              正解   予測      総合     名前     データ    点F1     再現     適合  出典
fig_01.png     23   23   0.724  0.958   0.646  0.870  0.870  0.870  pgen.1003167.g004
fig_02.png     27   26   0.261  1.000   0.014  0.981  0.963  1.000  12711_2017_303_Fig3_HTML
fig_03.png      4    4   0.250  1.000   0.000  0.000  0.000  0.000  materials-10-00379-g005
fig_04.png     22   22   0.963  1.000   0.951  1.000  1.000  1.000  1297-9686-45-44-7
fig_05.png     26   24   0.906  1.000   0.874  0.960  0.923  1.000  pgen.1002614.g009
fig_06.png     44   44   0.511  0.944   0.366  1.000  1.000  1.000  13148_2016_227_Fig5_HTML
fig_07.png     36   36   0.913  1.000   0.884  1.000  1.000  1.000  materials-07-05617-g007
fig_08.png     38   37   0.933  0.909   0.941  0.987  0.974  1.000  materials-10-01105-g013
fig_09.png     28   24   0.798  0.901   0.764  0.923  0.857  1.000  materials-08-00016-g007
fig_10.png    166  166   0.974  1.000   0.966  1.000  1.000  1.000  CMMM2017-2431573.004
fig_11.png     14   14   0.860  1.000   0.814  1.000  1.000  1.000  materials-10-00969-g027
fig_12.png     32   32   0.939  1.000   0.919  1.000  1.000  1.000  fpubh-03-00075-g003
fig_13.png     20   20   0.991  1.000   0.988  1.000  1.000  1.000  pgen.1001111.g002
fig_14.png      5    5   0.984  1.000   0.978  1.000  1.000  1.000  fpubh-04-00207-g002
fig_15.png     29   29   0.984  1.000   0.979  0.966  0.966  0.966  1471-2458-6-4-1
fig_16.png     14   14   0.927  0.809   0.966  1.000  1.000  1.000  1415-4757-gmb-38-3-353-gf03
fig_17.png    112  107   0.916  1.000   0.888  0.877  0.857  0.897  materials-10-00114-g002
fig_18.png     19   19   0.985  1.000   0.979  1.000  1.000  1.000  3
fig_19.png     44   39   0.603  0.800   0.537  0.940  0.886  1.000  g004
fig_20.png     28   28   0.819  1.000   0.759  1.000  1.000  1.000  materials-09-00104-g004
fig_21.png     85   82   0.945  1.000   0.927  0.934  0.918  0.951  ijerph-12-14962-g006
fig_22.png     11   11   0.984  1.000   0.979  1.000  1.000  1.000  2
fig_23.png     20   20   0.609  1.000   0.479  0.500  0.500  0.500  materials-06-04186-g008
fig_24.png      5    5   0.980  1.000   0.973  1.000  1.000  1.000  ijerph-14-00254-g005
fig_25.png    170  149   0.894  1.000   0.858  0.934  0.876  1.000  2_HTML
fig_26.png      9    9   0.898  1.000   0.865  1.000  1.000  1.000  materials-08-05349-g004
fig_27.png     12   13   0.219  0.877   0.000  0.960  1.000  0.923  1471-2458-10-502-2
fig_28.png     16   16   0.557  1.000   0.409  0.875  0.875  0.875  1297-9686-45-18-3
fig_29.png     15   15   0.768  1.000   0.691  1.000  1.000  1.000  materials-07-02141f11
fig_30.png     59   62   0.923  1.000   0.897  0.959  0.983  0.935  1471-2458-12-1047-2

軸レンジの出どころ: {'partial': 4, 'axis': 26}

全30図      総合 0.8006  名前 0.9733  データ 0.7431  |  点F1 0.922  再現 0.915  適合 0.931

参考: ICPR 2020 の実図 scatter(Task 6b、上流タスクの正解を与えた条件)
      総合 DeepBlueAI 0.232 / IntSig-SCUT-Lenovo 0.710
      ※ 先行研究の数値は全チャート型の平均で name/data の分解は scatter 単独では未公開
