図              正解   予測      総合     名前     データ    点F1     再現     適合  出典
fig_01.png     81   93   0.890  1.000   0.853  0.828  0.889  0.774  12711_2017_307_Fig1_HTML
fig_02.png    303  200   0.250  1.000   0.000  0.000  0.000  0.000  12889_2016_2938_Fig8_HTML
fig_03.png     15   15   0.895  0.949   0.878  1.000  1.000  1.000  04
fig_04.png     23   23   0.985  1.000   0.980  1.000  1.000  1.000  materials-02-01796-g015
fig_05.png     28   28   0.864  0.650   0.936  1.000  1.000  1.000  materials-04-02003-g003
fig_06.png     56   52   0.743  0.964   0.670  0.926  0.893  0.962  materials-10-00895-g007
fig_07.png     40   40   0.752  0.958   0.683  1.000  1.000  1.000  pgen.1000548.g003
fig_08.png     15   14   0.865  0.958   0.833  0.966  0.933  1.000  materials-07-07022-g003
fig_09.png     10   10   0.616  1.000   0.488  1.000  1.000  1.000  1471-2458-11-S3-S18-7
fig_10.png     13   13   0.946  1.000   0.929  1.000  1.000  1.000  5
fig_11.png     60   60   0.647  1.000   0.530  0.967  0.967  0.967  7
fig_12.png     31   30   0.870  1.000   0.826  0.918  0.903  0.933  materials-10-00969-g024
fig_13.png     24   24   0.273  1.000   0.030  0.917  0.917  0.917  materials-10-00416-g007
fig_14.png     15   15   0.401  1.000   0.202  1.000  1.000  1.000  materials-07-05385-g012
fig_15.png     10   10   0.250  1.000   0.000  0.000  0.000  0.000  materials-09-00611-g011
fig_16.png     37   37   0.944  1.000   0.925  0.973  0.973  0.973  materials-03-01089-g006
fig_17.png     20   20   0.891  0.800   0.921  1.000  1.000  1.000  2
fig_18.png     27   27   0.960  1.000   0.947  0.926  0.926  0.926  materials-07-07615-g008
fig_19.png    221  274   0.839  1.000   0.786  0.885  0.991  0.799  1471-2458-9-490-2
fig_20.png      8    8   0.983  1.000   0.977  1.000  1.000  1.000  materials-10-00847-g007
fig_21.png     40   37   0.883  1.000   0.843  0.909  0.875  0.946  g003
fig_22.png     74   70   0.909  1.000   0.878  0.778  0.757  0.800  pgen.1002661.s002
fig_23.png    244  245   0.720  0.839   0.680  0.871  0.873  0.869  materials-07-07073-g006
fig_24.png     24   24   0.893  1.000   0.858  1.000  1.000  1.000  materials-02-01796-g021
fig_25.png     30   30   0.532  0.978   0.384  1.000  1.000  1.000  1471-2156-13-67-2
fig_26.png    119  109   0.931  1.000   0.909  0.956  0.916  1.000  materials-08-03012-g007
fig_27.png     37   35   0.588  0.917   0.479  0.972  0.946  1.000  materials-10-00940-g010
fig_28.png     67   65   0.924  1.000   0.899  0.924  0.910  0.938  g004
fig_29.png     24   24   0.870  0.865   0.872  1.000  1.000  1.000  materials-05-02423-g006
fig_30.png     58   60   0.782  1.000   0.709  0.983  1.000  0.967  materials-09-00258-g004

軸レンジの出どころ: {'axis': 27, 'partial': 3}

全30図      総合 0.7632  名前 0.9626  データ 0.6967  |  点F1 0.890  再現 0.889  適合 0.892

参考: ICPR 2020 の実図 scatter(Task 6b、上流タスクの正解を与えた条件)
      総合 DeepBlueAI 0.232 / IntSig-SCUT-Lenovo 0.710
      ※ 先行研究の数値は全チャート型の平均で name/data の分解は scatter 単独では未公開
