図              正解   予測      総合     名前     データ    点F1     再現     適合  出典
fig_01.png     48   55   0.863  1.000   0.817  0.893  0.958  0.836  materials-07-03568f7
fig_02.png     62   61   0.977  1.000   0.969  0.992  0.984  1.000  materials-07-06224-g004
fig_03.png     31   31   0.915  1.000   0.886  0.935  0.935  0.935  dds55101
fig_04.png     20   20   0.989  1.000   0.985  0.950  0.950  0.950  ijerph-08-01560f1
fig_05.png     51   49   0.901  1.000   0.868  0.880  0.863  0.898  CMMM2013-231762.003
fig_06.png      9    9   0.980  1.000   0.974  1.000  1.000  1.000  ijerph-11-08891-g003
fig_07.png     44   42   0.889  1.000   0.851  0.977  0.955  1.000  19
fig_08.png     12   12   0.944  0.875   0.967  1.000  1.000  1.000  pgen.1002814.g004
fig_09.png     23   28   0.848  1.000   0.798  0.902  1.000  0.821  materials-01-00025-g010
fig_10.png     16   15   0.247  0.987   0.000  0.000  0.000  0.000  nanomaterials-07-00204-g003
fig_11.png     60   58   0.452  0.833   0.325  0.949  0.933  0.966  materials-10-00576-g002
fig_12.png     24   24   0.000  0.002   0.000  0.000  0.000  0.000  12889_2016_3482_Fig2_HTML
fig_13.png     15   15   0.707  1.000   0.609  1.000  1.000  1.000  10_HTML
fig_14.png    124  121   0.934  1.000   0.912  0.963  0.952  0.975  12863_2015_254_Fig2_HTML
fig_15.png     79   68   0.883  1.000   0.845  0.925  0.861  1.000  CMMM2013-856897.001
fig_16.png     83   78   0.908  0.972   0.887  0.944  0.916  0.974  materials-06-02464-g005
fig_17.png     51   50   0.963  1.000   0.951  0.931  0.922  0.940  ijerph-14-01009-g004
fig_18.png     76   67   0.848  0.781   0.871  0.937  0.882  1.000  g004
fig_19.png    100  101   0.813  0.895   0.785  0.945  0.950  0.941  1471-2156-12-42-2_panel_1
fig_20.png     22   19   0.476  1.000   0.302  0.927  0.864  1.000  1471-2458-9-S1-S5-1
fig_21.png     60   60   0.617  1.000   0.489  0.400  0.400  0.400  materials-02-01288-g008
fig_22.png     14   14   0.753  1.000   0.671  1.000  1.000  1.000  materials-10-01211-g009
fig_23.png     39   39   0.786  1.000   0.714  0.949  0.949  0.949  materials-09-00353-g007
fig_24.png     52   52   0.926  1.000   0.901  1.000  1.000  1.000  CMMM2013-638563.007
fig_25.png      7    7   0.978  1.000   0.970  1.000  1.000  1.000  materials-06-03094-g006
fig_26.png     92   81   0.893  1.000   0.857  0.879  0.826  0.938  fgene-03-00129-g004
fig_27.png     34   32   0.742  1.000   0.656  0.909  0.882  0.938  4
fig_28.png     77   64   0.860  1.000   0.813  0.908  0.831  1.000  CMMM2013-856897.002
fig_29.png     73   73   0.973  1.000   0.964  0.973  0.973  0.973  1297-9686-41-24-3
fig_30.png     20   19   0.926  1.000   0.901  0.974  0.950  1.000  materials-09-00341-g009

軸レンジの出どころ: {'axis': 28, 'partial': 2}

全30図      総合 0.7997  名前 0.9448  データ 0.7513  |  点F1 0.868  再現 0.858  適合 0.881

参考: ICPR 2020 の実図 scatter(Task 6b、上流タスクの正解を与えた条件)
      総合 DeepBlueAI 0.232 / IntSig-SCUT-Lenovo 0.710
      ※ 先行研究の数値は全チャート型の平均で name/data の分解は scatter 単独では未公開
