図              正解   予測      総合     名前     データ    点F1     再現     適合  出典
fig_01.png     20   20   0.602  1.000   0.469  0.500  0.500  0.500  materials-06-04186-g009
fig_02.png     27   28   0.414  1.000   0.219  0.473  0.481  0.464  materials-07-05617-g001
fig_03.png    180  180   0.743  0.973   0.666  1.000  1.000  1.000  1471-2458-9-S1-S10-2
fig_04.png      8    8   0.100  0.400   0.000  1.000  1.000  1.000  materials-08-05474-g002
fig_05.png     26   27   0.633  1.000   0.510  0.491  0.500  0.481  materials-10-00969-g017
fig_06.png     57   56   0.411  0.500   0.381  0.885  0.877  0.893  pgen.1003770.g004
fig_07.png    399  374   0.931  1.000   0.908  0.918  0.890  0.949  g004
fig_08.png     70   63   0.505  1.000   0.340  0.902  0.857  0.952  CMMM2015-574238.008
fig_09.png     21   22   0.498  0.917   0.359  0.744  0.762  0.727  7
fig_10.png     26   26   0.977  1.000   0.970  1.000  1.000  1.000  nanomaterials-07-00221-g002
fig_11.png     17   17   0.246  0.985   0.000  1.000  1.000  1.000  ijerph-13-00999-g001
fig_12.png     77   77   0.978  1.000   0.970  1.000  1.000  1.000  1471-2350-12-47-2
fig_13.png     61   61   0.622  1.000   0.497  1.000  1.000  1.000  ijerph-11-11081-g003_panel_1
fig_14.png     67   66   0.957  1.000   0.942  0.992  0.985  1.000  3
fig_15.png    189  128   0.688  1.000   0.583  0.782  0.656  0.969  4
fig_16.png    121  121   0.890  0.862   0.899  1.000  1.000  1.000  materials-03-00755-g005
fig_17.png     80   80   0.603  1.000   0.470  0.500  0.500  0.500  materials-07-05903-g010
fig_18.png     24   24   0.794  0.208   0.989  1.000  1.000  1.000  materials-06-01851-g022
fig_19.png     28   28   0.709  1.000   0.611  1.000  1.000  1.000  materials-08-05463-g010
fig_20.png     48   48   0.885  1.000   0.847  1.000  1.000  1.000  1471-2156-14-50-5_panel_1
fig_21.png      5    5   0.542  1.000   0.389  1.000  1.000  1.000  materials-10-00230-g003
fig_22.png     29   29   0.374  0.500   0.332  0.966  0.966  0.966  pgen.1006644.g003
fig_23.png     21   21   0.982  1.000   0.976  1.000  1.000  1.000  g004
fig_24.png     37   37   0.535  0.639   0.500  0.865  0.865  0.865  7
fig_25.png     46   46   0.959  1.000   0.945  0.978  0.978  0.978  7
fig_26.png     30   30   0.559  0.694   0.514  1.000  1.000  1.000  CMMM2015-574238.005
fig_27.png     27   27   0.992  1.000   0.989  1.000  1.000  1.000  g009
fig_28.png     24   24   0.877  1.000   0.836  1.000  1.000  1.000  pgen.1000006.g003
fig_29.png     45   45   0.946  1.000   0.928  1.000  1.000  1.000  3
fig_30.png     39   34   0.852  1.000   0.802  0.712  0.667  0.765  1471-2156-6-30-3

軸レンジの出どころ: {'axis': 29, 'partial': 1}

全30図      総合 0.6934  名前 0.8893  データ 0.6281  |  点F1 0.890  再現 0.883  適合 0.900

参考: ICPR 2020 の実図 scatter(Task 6b、上流タスクの正解を与えた条件)
      総合 DeepBlueAI 0.232 / IntSig-SCUT-Lenovo 0.710
      ※ 先行研究の数値は全チャート型の平均で name/data の分解は scatter 単独では未公開
