図              正解   予測      総合     名前     データ    点F1     再現     適合  出典
fig_01.png      9    9   0.250  1.000   0.000  1.000  1.000  1.000  g001
fig_02.png     12   12   0.554  0.978   0.412  0.500  0.500  0.500  15
fig_03.png     37   37   0.990  1.000   0.987  1.000  1.000  1.000  1471-2458-12-544-9
fig_04.png     16   16   0.940  1.000   0.921  1.000  1.000  1.000  pgen.0030197.g002
fig_05.png     18   18   0.971  1.000   0.962  1.000  1.000  1.000  materials-07-02141f8
fig_06.png     18   18   0.246  0.985   0.000  0.000  0.000  0.000  materials-06-02240-g011
fig_07.png     41   40   0.932  1.000   0.909  0.988  0.976  1.000  12889_2015_2259_Fig3_HTML
fig_08.png    100  101   0.972  1.000   0.963  0.995  1.000  0.990  ijerph-11-06940-g003
fig_09.png     23   23   0.928  1.000   0.904  0.957  0.957  0.957  materials-02-01796-g018
fig_10.png     22   22   0.972  1.000   0.962  1.000  1.000  1.000  ijerph-14-00591-g001
fig_11.png     12   12   0.006  0.003   0.007  0.083  0.083  0.083  ijerph-13-00820-g003
fig_12.png     20   20   0.250  1.000   0.000  1.000  1.000  1.000  pgen.1001148.g002
fig_13.png     24   24   0.003  0.010   0.000  0.167  0.167  0.167  Fig2_HTML
fig_14.png     87   86   0.877  0.996   0.838  0.994  0.989  1.000  5
fig_15.png     44   46   0.956  1.000   0.941  0.978  1.000  0.957  1297-9686-43-12-6
fig_16.png     68   68   0.946  1.000   0.928  0.971  0.971  0.971  fgene-06-00208-g0002
fig_17.png     80   80   0.986  1.000   0.981  1.000  1.000  1.000  CMMM2016-9506829.004
fig_18.png     21   21   0.989  1.000   0.985  1.000  1.000  1.000  g004
fig_19.png     34   38   0.741  0.893   0.690  0.944  1.000  0.895  materials-06-04198-g003
fig_20.png     15   15   0.636  1.000   0.515  0.667  0.667  0.667  CMMM2013-715325.005
fig_21.png     19   20   0.928  0.958   0.918  0.974  1.000  0.950  materials-07-07022-g009
fig_22.png     37   37   0.987  1.000   0.983  1.000  1.000  1.000  CMMM2013-672509.002
fig_23.png     10   10   0.250  1.000   0.000  1.000  1.000  1.000  1471-2458-13-646-4
fig_24.png      8    8   0.919  1.000   0.892  1.000  1.000  1.000  12889_2016_3956_Fig6_HTML
fig_25.png     24   24   0.881  0.975   0.849  1.000  1.000  1.000  nanomaterials-07-00193-g009
fig_26.png     14   14   0.019  0.006   0.023  0.214  0.214  0.214  4
fig_27.png     40   40   0.596  1.000   0.462  1.000  1.000  1.000  ijerph-10-00018-g009
fig_28.png      9    9   0.825  0.833   0.822  1.000  1.000  1.000  materials-09-00493-g002
fig_29.png     36   36   0.923  0.933   0.919  0.833  0.833  0.833  materials-10-01085-g009a
fig_30.png     53   91   0.621  1.000   0.495  0.722  0.981  0.571  ijerph-08-03562f2

軸レンジの出どころ: {'axis': 28, 'gt-spread': 1, 'partial': 1}

全30図      総合 0.7031  名前 0.8857  データ 0.6422  |  点F1 0.833  再現 0.845  適合 0.825

参考: ICPR 2020 の実図 scatter(Task 6b、上流タスクの正解を与えた条件)
      総合 DeepBlueAI 0.232 / IntSig-SCUT-Lenovo 0.710
      ※ 先行研究の数値は全チャート型の平均で name/data の分解は scatter 単独では未公開
